score 2:
mean = 1.2485252562214428
median = 1.0136926609688226
std = 0.6048561801705409

score 1:
mean = 1.462611415650196
median = 1.0462727038861477
std = 0.815896141318143

games owned:
mean = 85.30940594059406
median = 48
std = 137.9449121179908

hours played:
mean = 3370.6109789783322
median = 2818.991666666667
std = 2708.8078480183976